   1.3295839e+03   0.0000000e+00             NaN   0.0000000e+00
   1.3302202e+03   2.0000000e+00             NaN   2.0000000e+00
   1.3321312e+03   4.0000000e+00             NaN   4.0000000e+00
   1.3353240e+03   6.0000000e+00             NaN   6.0000000e+00
   1.3398105e+03   8.0000000e+00             NaN   8.0000000e+00
   1.3456071e+03   1.0000000e+01             NaN   1.0000000e+01
   1.3527352e+03   1.2000000e+01             NaN   1.2000000e+01
   1.3612213e+03   1.4000000e+01             NaN   1.4000000e+01
   1.3710966e+03   1.6000000e+01   1.0888916e+04   1.6000000e+01
   1.3823979e+03   1.8000000e+01   1.0287626e+04   1.8000000e+01
   1.3951669e+03   2.0000000e+01   9.5999826e+03   2.0000000e+01
   1.4094509e+03   2.2000000e+01   8.8336143e+03   2.2000000e+01
   1.4253027e+03   2.4000000e+01   8.0326933e+03   2.4000000e+01
   1.4427808e+03   2.6000000e+01   7.2929374e+03   2.6000000e+01
   1.4619491e+03   2.8000000e+01   6.6927059e+03   2.8000000e+01
   1.4828774e+03   3.0000000e+01   6.2317286e+03   3.0000000e+01
   1.5056408e+03   3.2000000e+01   5.8741328e+03   3.2000000e+01
   1.5303199e+03   3.4000000e+01   5.5880652e+03   3.4000000e+01
   1.5570000e+03   3.6000000e+01   5.3521757e+03   3.6000000e+01
   1.5857704e+03   3.8000000e+01   5.1527760e+03   3.8000000e+01
   1.6167239e+03   4.0000000e+01   4.9809350e+03   4.0000000e+01
   1.6499547e+03   4.2000000e+01   4.8306288e+03   4.2000000e+01
   1.6855568e+03   4.4000000e+01   4.6976521e+03   4.4000000e+01
   1.7236210e+03   4.6000000e+01   4.5789745e+03   4.6000000e+01
   1.7642317e+03   4.8000000e+01   4.4723497e+03   4.8000000e+01
   1.8074615e+03   5.0000000e+01   4.3760716e+03   5.0000000e+01
   1.8533652e+03   5.2000000e+01   4.2888163e+03   5.2000000e+01
   1.9019719e+03   5.4000000e+01   4.2095375e+03   5.4000000e+01
   1.9532753e+03   5.6000000e+01   4.1373949e+03   5.6000000e+01
   2.0072210e+03   5.8000000e+01   4.0717042e+03   5.8000000e+01
   2.0636925e+03   6.0000000e+01   4.0119017e+03   6.0000000e+01
   2.1224943e+03   6.2000000e+01   3.9575185e+03   6.2000000e+01
   2.1833333e+03   6.4000000e+01   3.9081610e+03   6.4000000e+01
   2.2457989e+03   6.6000000e+01   3.8634972e+03   6.6000000e+01
   2.3093441e+03   6.8000000e+01   3.8232452e+03   6.8000000e+01
   2.3732692e+03   7.0000000e+01   3.7871654e+03   7.0000000e+01
   2.4367111e+03   7.2000000e+01   3.7550534e+03   7.2000000e+01
   2.4986435e+03   7.4000000e+01   3.7267353e+03   7.4000000e+01
   2.5578893e+03   7.6000000e+01   3.7020636e+03   7.6000000e+01
   2.6131511e+03   7.8000000e+01   3.6809143e+03   7.8000000e+01
   2.6630604e+03   8.0000000e+01   3.6631838e+03   8.0000000e+01
   2.7062448e+03   8.2000000e+01   3.6487876e+03   8.2000000e+01
   2.7414085e+03   8.4000000e+01   3.6376584e+03   8.4000000e+01
   2.7674215e+03   8.6000000e+01   3.6297448e+03   8.6000000e+01
   2.7834036e+03   8.8000000e+01   3.6250110e+03   8.8000000e+01
   2.7887950e+03   9.0000000e+01   3.6234354e+03   9.0000000e+01
   2.7834036e+03   9.2000000e+01   3.6250110e+03   9.2000000e+01
   2.7674215e+03   9.4000000e+01   3.6297448e+03   9.4000000e+01
   2.7414085e+03   9.6000000e+01   3.6376584e+03   9.6000000e+01
   2.7062448e+03   9.8000000e+01   3.6487876e+03   9.8000000e+01
   2.6630604e+03   1.0000000e+02   3.6631838e+03   1.0000000e+02
   2.6131511e+03   1.0200000e+02   3.6809143e+03   1.0200000e+02
   2.5578893e+03   1.0400000e+02   3.7020636e+03   1.0400000e+02
   2.4986435e+03   1.0600000e+02   3.7267353e+03   1.0600000e+02
   2.4367111e+03   1.0800000e+02   3.7550534e+03   1.0800000e+02
   2.3732692e+03   1.1000000e+02   3.7871654e+03   1.1000000e+02
   2.3093441e+03   1.1200000e+02   3.8232452e+03   1.1200000e+02
   2.2457989e+03   1.1400000e+02   3.8634972e+03   1.1400000e+02
   2.1833333e+03   1.1600000e+02   3.9081610e+03   1.1600000e+02
   2.1224943e+03   1.1800000e+02   3.9575185e+03   1.1800000e+02
   2.0636925e+03   1.2000000e+02   4.0119017e+03   1.2000000e+02
   2.0072210e+03   1.2200000e+02   4.0717042e+03   1.2200000e+02
   1.9532753e+03   1.2400000e+02   4.1373949e+03   1.2400000e+02
   1.9019719e+03   1.2600000e+02   4.2095375e+03   1.2600000e+02
   1.8533652e+03   1.2800000e+02   4.2888163e+03   1.2800000e+02
   1.8074615e+03   1.3000000e+02   4.3760716e+03   1.3000000e+02
   1.7642317e+03   1.3200000e+02   4.4723497e+03   1.3200000e+02
   1.7236210e+03   1.3400000e+02   4.5789745e+03   1.3400000e+02
   1.6855568e+03   1.3600000e+02   4.6976521e+03   1.3600000e+02
   1.6499547e+03   1.3800000e+02   4.8306288e+03   1.3800000e+02
   1.6167239e+03   1.4000000e+02   4.9809350e+03   1.4000000e+02
   1.5857704e+03   1.4200000e+02   5.1527760e+03   1.4200000e+02
   1.5570000e+03   1.4400000e+02   5.3521757e+03   1.4400000e+02
   1.5303199e+03   1.4600000e+02   5.5880652e+03   1.4600000e+02
   1.5056408e+03   1.4800000e+02   5.8741328e+03   1.4800000e+02
   1.4828774e+03   1.5000000e+02   6.2317286e+03   1.5000000e+02
   1.4619491e+03   1.5200000e+02   6.6927059e+03   1.5200000e+02
   1.4427808e+03   1.5400000e+02   7.2929374e+03   1.5400000e+02
   1.4253027e+03   1.5600000e+02   8.0326933e+03   1.5600000e+02
   1.4094509e+03   1.5800000e+02   8.8336143e+03   1.5800000e+02
   1.3951669e+03   1.6000000e+02   9.5999826e+03   1.6000000e+02
   1.3823979e+03   1.6200000e+02   1.0287626e+04   1.6200000e+02
   1.3710966e+03   1.6400000e+02   1.0888916e+04   1.6400000e+02
   1.3612213e+03   1.6600000e+02             NaN   1.6600000e+02
   1.3527352e+03   1.6800000e+02             NaN   1.6800000e+02
   1.3456071e+03   1.7000000e+02             NaN   1.7000000e+02
   1.3398105e+03   1.7200000e+02             NaN   1.7200000e+02
   1.3353240e+03   1.7400000e+02             NaN   1.7400000e+02
   1.3321312e+03   1.7600000e+02             NaN   1.7600000e+02
   1.3302202e+03   1.7800000e+02             NaN   1.7800000e+02
   1.3295839e+03   1.8000000e+02             NaN   1.8000000e+02
