
70.9 0
165.7 0
307.1 0
315.7 0
606.5 0

72.4 15
165.1 15
323.3 15
329.6 15
593.0 15

79.4 30
163.0 30
173.7 30
362.2 30
719.6 30

94.9 45
117.2 45
163.1 45
205.4 45
231.2 45
430.4 45
509.8 45


93.6 60
129.2 60
166 60
193.2 60
426.3 60
528.6 60


81.4 75
172 75
175.1 75
370.9 75

77.3 90
175.3 90
347.0 90

78.5 105
173.4 105
354.7 105

85.6 120
166.5 120
178.5 120
332.2 120
397.6 120
612.3 120

101.6 135
161.7 135
201.8 135
217.9 135
468.3 135
473.2 135

82.4 150
136.5 150
160 150
179.6 150
258.2 150
385.8 150
605.8 150
664.5 150

70.9 180
165.7 180
307.1 180
315.7 180
606.5 180

